Level #Elements
0 1
1 1
2 2
3 4
4 8
5 16
6 32
7 64
8 128
9 256
10 512
11 1024
12 2048
13 4096
14 8192



Number of levels: 9
Number of blocks at level 1 = 0 [1] :: 1
Number of blocks at level 2 = 0 [2] :: 2 0
Number of blocks at level 3 = 0 [4] :: 4 5 6 7
Number of blocks at level 4 = 0 [8] :: 8 9 10 11 12 13 14 15
Number of blocks at level 5 = 0 [16] :: 16 17 18 19 20 21 22 23 24 0 26 0 28 0 30 0
Number of blocks at level 6 = 0 [32] :: 32 33 34 35 36 37 38 39 40 41 42 43 44 45 46 47 48 49 0 0 52 53 0 0 56 57 0 0 60 61 0 0
Number of blocks at level 7 = 0 [64] :: 64 65 66 67 68 69 70 71 72 73 74 75 76 77 78 79 80 81 82 83 84 85 86 87 88 89 90 91 92 93 94 95 96 97 98 99 0 0 0 0 104 105 106 107 0 0 0 0 112 113 114 115 0 0 0 0 120 121 122 123 0 0 0 0
Number of blocks at level 8 = 0 [128] :: 128 129 130 131 132 133 134 135 136 137 138 139 140 141 142 143 144 145 146 147 148 149 150 151 152 153 154 155 156 157 158 159 160 161 162 163 164 165 166 167 168 169 170 171 172 173 174 175 176 177 178 179 180 181 182 183 184 185 186 187 188 189 190 191 192 0 194 0 196 0 198 0 0 0 0 0 0 0 0 0 208 0 210 0 212 0 214 0 0 0 0 0 0 0 0 0 224 0 226 0 228 0 230 0 0 0 0 0 0 0 0 0 240 0 242 0 244 0 246 0 0 0 0 0 0 0 0 0

Final Block Bitmap
Number of levels: 9
Number of blocks at level 1 = 1 [1] :: 1
Number of blocks at level 2 = 1 [2] :: 2 0
Number of blocks at level 3 = 4 [4] :: 4 5 6 7
Number of blocks at level 4 = 8 [8] :: 8 9 10 11 12 13 14 15
Number of blocks at level 5 = 12 [16] :: 16 17 18 19 20 21 22 23 24 26 28 30 0 0 0 0
Number of blocks at level 6 = 24 [32] :: 32 33 34 35 36 37 38 39 40 41 42 43 44 45 46 47 48 49 52 53 56 57 60 61 0 0 0 0 0 0 0 0
Number of blocks at level 7 = 48 [64] :: 64 65 66 67 68 69 70 71 72 73 74 75 76 77 78 79 80 81 82 83 84 85 86 87 88 89 90 91 92 93 94 95 96 97 98 99 104 105 106 107 112 113 114 115 120 121 122 123 0 0 0 0 0 0 0 0 0 0 0 0 0 0 0 0
Number of blocks at level 8 = 80 [128] :: 128 129 130 131 132 133 134 135 136 137 138 139 140 141 142 143 144 145 146 147 148 149 150 151 152 153 154 155 156 157 158 159 160 161 162 163 164 165 166 167 168 169 170 171 172 173 174 175 176 177 178 179 180 181 182 183 184 185 186 187 188 189 190 191 192 194 196 198 208 210 212 214 224 226 228 230 240 242 244 246 0 0 0 0 0 0 0 0 0 0 0 0 0 0 0 0 0 0 0 0 0 0 0 0 0 0 0 0 0 0 0 0 0 0 0 0 0 0 0 0 0 0 0 0 0 0 0 0
